{
 "cells": [
  {
   "cell_type": "code",
   "execution_count": 21,
   "metadata": {},
   "outputs": [],
   "source": [
    "import pandas as pd\n",
    "import seaborn as sns\n",
    "import numpy as np\n",
    "import matplotlib.pyplot as plt\n",
    "from sklearn.preprocessing import PolynomialFeatures\n",
    "from sklearn.linear_model import LinearRegression\n",
    "from sklearn.model_selection import train_test_split\n",
    "from sklearn import metrics\n",
    "from sklearn.preprocessing import LabelEncoder\n",
    "from statistics import mean\n",
    "from sklearn.linear_model import LogisticRegression"
   ]
  },
  {
   "cell_type": "code",
   "execution_count": 2,
   "metadata": {},
   "outputs": [
    {
     "data": {
      "text/html": [
       "<div>\n",
       "<style scoped>\n",
       "    .dataframe tbody tr th:only-of-type {\n",
       "        vertical-align: middle;\n",
       "    }\n",
       "\n",
       "    .dataframe tbody tr th {\n",
       "        vertical-align: top;\n",
       "    }\n",
       "\n",
       "    .dataframe thead th {\n",
       "        text-align: right;\n",
       "    }\n",
       "</style>\n",
       "<table border=\"1\" class=\"dataframe\">\n",
       "  <thead>\n",
       "    <tr style=\"text-align: right;\">\n",
       "      <th></th>\n",
       "      <th>Date Time</th>\n",
       "      <th>p (mbar)</th>\n",
       "      <th>T (degC)</th>\n",
       "      <th>Tpot (K)</th>\n",
       "      <th>Tdew (degC)</th>\n",
       "      <th>rh (%)</th>\n",
       "      <th>VPmax (mbar)</th>\n",
       "      <th>VPact (mbar)</th>\n",
       "      <th>VPdef (mbar)</th>\n",
       "      <th>sh (g/kg)</th>\n",
       "      <th>H2OC (mmol/mol)</th>\n",
       "      <th>rho (g/m**3)</th>\n",
       "      <th>wv (m/s)</th>\n",
       "      <th>max. wv (m/s)</th>\n",
       "      <th>wd (deg)</th>\n",
       "    </tr>\n",
       "  </thead>\n",
       "  <tbody>\n",
       "    <tr>\n",
       "      <th>0</th>\n",
       "      <td>01.01.2009 00:10:00</td>\n",
       "      <td>996.52</td>\n",
       "      <td>-8.02</td>\n",
       "      <td>265.40</td>\n",
       "      <td>-8.90</td>\n",
       "      <td>93.3</td>\n",
       "      <td>3.33</td>\n",
       "      <td>3.11</td>\n",
       "      <td>0.22</td>\n",
       "      <td>1.94</td>\n",
       "      <td>3.12</td>\n",
       "      <td>1307.75</td>\n",
       "      <td>1.03</td>\n",
       "      <td>1.75</td>\n",
       "      <td>152.3</td>\n",
       "    </tr>\n",
       "    <tr>\n",
       "      <th>1</th>\n",
       "      <td>01.01.2009 00:20:00</td>\n",
       "      <td>996.57</td>\n",
       "      <td>-8.41</td>\n",
       "      <td>265.01</td>\n",
       "      <td>-9.28</td>\n",
       "      <td>93.4</td>\n",
       "      <td>3.23</td>\n",
       "      <td>3.02</td>\n",
       "      <td>0.21</td>\n",
       "      <td>1.89</td>\n",
       "      <td>3.03</td>\n",
       "      <td>1309.80</td>\n",
       "      <td>0.72</td>\n",
       "      <td>1.50</td>\n",
       "      <td>136.1</td>\n",
       "    </tr>\n",
       "    <tr>\n",
       "      <th>2</th>\n",
       "      <td>01.01.2009 00:30:00</td>\n",
       "      <td>996.53</td>\n",
       "      <td>-8.51</td>\n",
       "      <td>264.91</td>\n",
       "      <td>-9.31</td>\n",
       "      <td>93.9</td>\n",
       "      <td>3.21</td>\n",
       "      <td>3.01</td>\n",
       "      <td>0.20</td>\n",
       "      <td>1.88</td>\n",
       "      <td>3.02</td>\n",
       "      <td>1310.24</td>\n",
       "      <td>0.19</td>\n",
       "      <td>0.63</td>\n",
       "      <td>171.6</td>\n",
       "    </tr>\n",
       "    <tr>\n",
       "      <th>3</th>\n",
       "      <td>01.01.2009 00:40:00</td>\n",
       "      <td>996.51</td>\n",
       "      <td>-8.31</td>\n",
       "      <td>265.12</td>\n",
       "      <td>-9.07</td>\n",
       "      <td>94.2</td>\n",
       "      <td>3.26</td>\n",
       "      <td>3.07</td>\n",
       "      <td>0.19</td>\n",
       "      <td>1.92</td>\n",
       "      <td>3.08</td>\n",
       "      <td>1309.19</td>\n",
       "      <td>0.34</td>\n",
       "      <td>0.50</td>\n",
       "      <td>198.0</td>\n",
       "    </tr>\n",
       "    <tr>\n",
       "      <th>4</th>\n",
       "      <td>01.01.2009 00:50:00</td>\n",
       "      <td>996.51</td>\n",
       "      <td>-8.27</td>\n",
       "      <td>265.15</td>\n",
       "      <td>-9.04</td>\n",
       "      <td>94.1</td>\n",
       "      <td>3.27</td>\n",
       "      <td>3.08</td>\n",
       "      <td>0.19</td>\n",
       "      <td>1.92</td>\n",
       "      <td>3.09</td>\n",
       "      <td>1309.00</td>\n",
       "      <td>0.32</td>\n",
       "      <td>0.63</td>\n",
       "      <td>214.3</td>\n",
       "    </tr>\n",
       "  </tbody>\n",
       "</table>\n",
       "</div>"
      ],
      "text/plain": [
       "             Date Time  p (mbar)  T (degC)  Tpot (K)  Tdew (degC)  rh (%)  \\\n",
       "0  01.01.2009 00:10:00    996.52     -8.02    265.40        -8.90    93.3   \n",
       "1  01.01.2009 00:20:00    996.57     -8.41    265.01        -9.28    93.4   \n",
       "2  01.01.2009 00:30:00    996.53     -8.51    264.91        -9.31    93.9   \n",
       "3  01.01.2009 00:40:00    996.51     -8.31    265.12        -9.07    94.2   \n",
       "4  01.01.2009 00:50:00    996.51     -8.27    265.15        -9.04    94.1   \n",
       "\n",
       "   VPmax (mbar)  VPact (mbar)  VPdef (mbar)  sh (g/kg)  H2OC (mmol/mol)  \\\n",
       "0          3.33          3.11          0.22       1.94             3.12   \n",
       "1          3.23          3.02          0.21       1.89             3.03   \n",
       "2          3.21          3.01          0.20       1.88             3.02   \n",
       "3          3.26          3.07          0.19       1.92             3.08   \n",
       "4          3.27          3.08          0.19       1.92             3.09   \n",
       "\n",
       "   rho (g/m**3)  wv (m/s)  max. wv (m/s)  wd (deg)  \n",
       "0       1307.75      1.03           1.75     152.3  \n",
       "1       1309.80      0.72           1.50     136.1  \n",
       "2       1310.24      0.19           0.63     171.6  \n",
       "3       1309.19      0.34           0.50     198.0  \n",
       "4       1309.00      0.32           0.63     214.3  "
      ]
     },
     "execution_count": 2,
     "metadata": {},
     "output_type": "execute_result"
    }
   ],
   "source": [
    "D= pd.read_csv('jena_climate_2009_2016.csv')\n",
    "D.head()"
   ]
  },
  {
   "cell_type": "raw",
   "metadata": {},
   "source": [
    "p (mbar)atmospheric pressure\n",
    "T (degC)temperature\n",
    "Tpot (K)potential temperature\n",
    "Tdew (degC)dew point temperature\n",
    "rh (%)relative humidity\n",
    "VPmax (mbar)saturation water vapor pressure\n",
    "VPact (mbar)actual water vapor pressure\n",
    "VPdef (mbar)water vapor pressure deficit\n",
    "sh (g/kg)specific humidity\n",
    "H2OC (mmol/mol)water vapor concentration\n",
    "rho (g/m**3)air density\n",
    "wv (m/s)wind velocity\n",
    "max. wv (m/s)maximum wind velocity\n",
    "wd (deg)wind direction\n"
   ]
  },
  {
   "cell_type": "code",
   "execution_count": 3,
   "metadata": {},
   "outputs": [],
   "source": [
    "D.columns=['DateTime','p','T','Tpot','Tdew','rh','VPmax','VPact','VPdef','sh','H2OC','rho','wv','maxWV','wd']"
   ]
  },
  {
   "cell_type": "code",
   "execution_count": 4,
   "metadata": {},
   "outputs": [
    {
     "data": {
      "text/html": [
       "<div>\n",
       "<style scoped>\n",
       "    .dataframe tbody tr th:only-of-type {\n",
       "        vertical-align: middle;\n",
       "    }\n",
       "\n",
       "    .dataframe tbody tr th {\n",
       "        vertical-align: top;\n",
       "    }\n",
       "\n",
       "    .dataframe thead th {\n",
       "        text-align: right;\n",
       "    }\n",
       "</style>\n",
       "<table border=\"1\" class=\"dataframe\">\n",
       "  <thead>\n",
       "    <tr style=\"text-align: right;\">\n",
       "      <th></th>\n",
       "      <th>p</th>\n",
       "      <th>T</th>\n",
       "      <th>Tpot</th>\n",
       "      <th>Tdew</th>\n",
       "      <th>rh</th>\n",
       "      <th>VPmax</th>\n",
       "      <th>VPact</th>\n",
       "      <th>VPdef</th>\n",
       "      <th>sh</th>\n",
       "      <th>H2OC</th>\n",
       "      <th>rho</th>\n",
       "      <th>wv</th>\n",
       "      <th>maxWV</th>\n",
       "      <th>wd</th>\n",
       "    </tr>\n",
       "  </thead>\n",
       "  <tbody>\n",
       "    <tr>\n",
       "      <th>p</th>\n",
       "      <td>1.000000</td>\n",
       "      <td>-0.045375</td>\n",
       "      <td>-0.124718</td>\n",
       "      <td>-0.066755</td>\n",
       "      <td>-0.018352</td>\n",
       "      <td>-0.031546</td>\n",
       "      <td>-0.054370</td>\n",
       "      <td>-0.003401</td>\n",
       "      <td>-0.069762</td>\n",
       "      <td>-0.069804</td>\n",
       "      <td>0.307640</td>\n",
       "      <td>-0.005701</td>\n",
       "      <td>-0.007760</td>\n",
       "      <td>-0.063258</td>\n",
       "    </tr>\n",
       "    <tr>\n",
       "      <th>T</th>\n",
       "      <td>-0.045375</td>\n",
       "      <td>1.000000</td>\n",
       "      <td>0.996827</td>\n",
       "      <td>0.895708</td>\n",
       "      <td>-0.572416</td>\n",
       "      <td>0.951113</td>\n",
       "      <td>0.867673</td>\n",
       "      <td>0.761744</td>\n",
       "      <td>0.866755</td>\n",
       "      <td>0.867177</td>\n",
       "      <td>-0.963410</td>\n",
       "      <td>-0.004689</td>\n",
       "      <td>-0.002871</td>\n",
       "      <td>0.038732</td>\n",
       "    </tr>\n",
       "    <tr>\n",
       "      <th>Tpot</th>\n",
       "      <td>-0.124718</td>\n",
       "      <td>0.996827</td>\n",
       "      <td>1.000000</td>\n",
       "      <td>0.894911</td>\n",
       "      <td>-0.567127</td>\n",
       "      <td>0.947293</td>\n",
       "      <td>0.866205</td>\n",
       "      <td>0.756962</td>\n",
       "      <td>0.866533</td>\n",
       "      <td>0.866955</td>\n",
       "      <td>-0.981345</td>\n",
       "      <td>-0.004195</td>\n",
       "      <td>-0.002224</td>\n",
       "      <td>0.043599</td>\n",
       "    </tr>\n",
       "    <tr>\n",
       "      <th>Tdew</th>\n",
       "      <td>-0.066755</td>\n",
       "      <td>0.895708</td>\n",
       "      <td>0.894911</td>\n",
       "      <td>1.000000</td>\n",
       "      <td>-0.156615</td>\n",
       "      <td>0.799271</td>\n",
       "      <td>0.968344</td>\n",
       "      <td>0.435752</td>\n",
       "      <td>0.967599</td>\n",
       "      <td>0.968044</td>\n",
       "      <td>-0.885232</td>\n",
       "      <td>-0.008718</td>\n",
       "      <td>-0.009091</td>\n",
       "      <td>0.049877</td>\n",
       "    </tr>\n",
       "    <tr>\n",
       "      <th>rh</th>\n",
       "      <td>-0.018352</td>\n",
       "      <td>-0.572416</td>\n",
       "      <td>-0.567127</td>\n",
       "      <td>-0.156615</td>\n",
       "      <td>1.000000</td>\n",
       "      <td>-0.615842</td>\n",
       "      <td>-0.151494</td>\n",
       "      <td>-0.843835</td>\n",
       "      <td>-0.150841</td>\n",
       "      <td>-0.150969</td>\n",
       "      <td>0.514282</td>\n",
       "      <td>-0.005020</td>\n",
       "      <td>-0.009921</td>\n",
       "      <td>-0.015912</td>\n",
       "    </tr>\n",
       "    <tr>\n",
       "      <th>VPmax</th>\n",
       "      <td>-0.031546</td>\n",
       "      <td>0.951113</td>\n",
       "      <td>0.947293</td>\n",
       "      <td>0.799271</td>\n",
       "      <td>-0.615842</td>\n",
       "      <td>1.000000</td>\n",
       "      <td>0.824865</td>\n",
       "      <td>0.875588</td>\n",
       "      <td>0.824460</td>\n",
       "      <td>0.824493</td>\n",
       "      <td>-0.901536</td>\n",
       "      <td>-0.004018</td>\n",
       "      <td>-0.002213</td>\n",
       "      <td>-0.009583</td>\n",
       "    </tr>\n",
       "    <tr>\n",
       "      <th>VPact</th>\n",
       "      <td>-0.054370</td>\n",
       "      <td>0.867673</td>\n",
       "      <td>0.866205</td>\n",
       "      <td>0.968344</td>\n",
       "      <td>-0.151494</td>\n",
       "      <td>0.824865</td>\n",
       "      <td>1.000000</td>\n",
       "      <td>0.449154</td>\n",
       "      <td>0.999851</td>\n",
       "      <td>0.999856</td>\n",
       "      <td>-0.850241</td>\n",
       "      <td>-0.009600</td>\n",
       "      <td>-0.010316</td>\n",
       "      <td>0.018418</td>\n",
       "    </tr>\n",
       "    <tr>\n",
       "      <th>VPdef</th>\n",
       "      <td>-0.003401</td>\n",
       "      <td>0.761744</td>\n",
       "      <td>0.756962</td>\n",
       "      <td>0.435752</td>\n",
       "      <td>-0.843835</td>\n",
       "      <td>0.875588</td>\n",
       "      <td>0.449154</td>\n",
       "      <td>1.000000</td>\n",
       "      <td>0.448641</td>\n",
       "      <td>0.448689</td>\n",
       "      <td>-0.698290</td>\n",
       "      <td>0.001852</td>\n",
       "      <td>0.005317</td>\n",
       "      <td>-0.030881</td>\n",
       "    </tr>\n",
       "    <tr>\n",
       "      <th>sh</th>\n",
       "      <td>-0.069762</td>\n",
       "      <td>0.866755</td>\n",
       "      <td>0.866533</td>\n",
       "      <td>0.967599</td>\n",
       "      <td>-0.150841</td>\n",
       "      <td>0.824460</td>\n",
       "      <td>0.999851</td>\n",
       "      <td>0.448641</td>\n",
       "      <td>1.000000</td>\n",
       "      <td>0.999997</td>\n",
       "      <td>-0.853325</td>\n",
       "      <td>-0.009479</td>\n",
       "      <td>-0.010163</td>\n",
       "      <td>0.019376</td>\n",
       "    </tr>\n",
       "    <tr>\n",
       "      <th>H2OC</th>\n",
       "      <td>-0.069804</td>\n",
       "      <td>0.867177</td>\n",
       "      <td>0.866955</td>\n",
       "      <td>0.968044</td>\n",
       "      <td>-0.150969</td>\n",
       "      <td>0.824493</td>\n",
       "      <td>0.999856</td>\n",
       "      <td>0.448689</td>\n",
       "      <td>0.999997</td>\n",
       "      <td>1.000000</td>\n",
       "      <td>-0.853769</td>\n",
       "      <td>-0.009477</td>\n",
       "      <td>-0.010158</td>\n",
       "      <td>0.019607</td>\n",
       "    </tr>\n",
       "    <tr>\n",
       "      <th>rho</th>\n",
       "      <td>0.307640</td>\n",
       "      <td>-0.963410</td>\n",
       "      <td>-0.981345</td>\n",
       "      <td>-0.885232</td>\n",
       "      <td>0.514282</td>\n",
       "      <td>-0.901536</td>\n",
       "      <td>-0.850241</td>\n",
       "      <td>-0.698290</td>\n",
       "      <td>-0.853325</td>\n",
       "      <td>-0.853769</td>\n",
       "      <td>1.000000</td>\n",
       "      <td>0.003240</td>\n",
       "      <td>0.001086</td>\n",
       "      <td>-0.058072</td>\n",
       "    </tr>\n",
       "    <tr>\n",
       "      <th>wv</th>\n",
       "      <td>-0.005701</td>\n",
       "      <td>-0.004689</td>\n",
       "      <td>-0.004195</td>\n",
       "      <td>-0.008718</td>\n",
       "      <td>-0.005020</td>\n",
       "      <td>-0.004018</td>\n",
       "      <td>-0.009600</td>\n",
       "      <td>0.001852</td>\n",
       "      <td>-0.009479</td>\n",
       "      <td>-0.009477</td>\n",
       "      <td>0.003240</td>\n",
       "      <td>1.000000</td>\n",
       "      <td>0.948477</td>\n",
       "      <td>-0.015322</td>\n",
       "    </tr>\n",
       "    <tr>\n",
       "      <th>maxWV</th>\n",
       "      <td>-0.007760</td>\n",
       "      <td>-0.002871</td>\n",
       "      <td>-0.002224</td>\n",
       "      <td>-0.009091</td>\n",
       "      <td>-0.009921</td>\n",
       "      <td>-0.002213</td>\n",
       "      <td>-0.010316</td>\n",
       "      <td>0.005317</td>\n",
       "      <td>-0.010163</td>\n",
       "      <td>-0.010158</td>\n",
       "      <td>0.001086</td>\n",
       "      <td>0.948477</td>\n",
       "      <td>1.000000</td>\n",
       "      <td>-0.014471</td>\n",
       "    </tr>\n",
       "    <tr>\n",
       "      <th>wd</th>\n",
       "      <td>-0.063258</td>\n",
       "      <td>0.038732</td>\n",
       "      <td>0.043599</td>\n",
       "      <td>0.049877</td>\n",
       "      <td>-0.015912</td>\n",
       "      <td>-0.009583</td>\n",
       "      <td>0.018418</td>\n",
       "      <td>-0.030881</td>\n",
       "      <td>0.019376</td>\n",
       "      <td>0.019607</td>\n",
       "      <td>-0.058072</td>\n",
       "      <td>-0.015322</td>\n",
       "      <td>-0.014471</td>\n",
       "      <td>1.000000</td>\n",
       "    </tr>\n",
       "  </tbody>\n",
       "</table>\n",
       "</div>"
      ],
      "text/plain": [
       "              p         T      Tpot      Tdew        rh     VPmax     VPact  \\\n",
       "p      1.000000 -0.045375 -0.124718 -0.066755 -0.018352 -0.031546 -0.054370   \n",
       "T     -0.045375  1.000000  0.996827  0.895708 -0.572416  0.951113  0.867673   \n",
       "Tpot  -0.124718  0.996827  1.000000  0.894911 -0.567127  0.947293  0.866205   \n",
       "Tdew  -0.066755  0.895708  0.894911  1.000000 -0.156615  0.799271  0.968344   \n",
       "rh    -0.018352 -0.572416 -0.567127 -0.156615  1.000000 -0.615842 -0.151494   \n",
       "VPmax -0.031546  0.951113  0.947293  0.799271 -0.615842  1.000000  0.824865   \n",
       "VPact -0.054370  0.867673  0.866205  0.968344 -0.151494  0.824865  1.000000   \n",
       "VPdef -0.003401  0.761744  0.756962  0.435752 -0.843835  0.875588  0.449154   \n",
       "sh    -0.069762  0.866755  0.866533  0.967599 -0.150841  0.824460  0.999851   \n",
       "H2OC  -0.069804  0.867177  0.866955  0.968044 -0.150969  0.824493  0.999856   \n",
       "rho    0.307640 -0.963410 -0.981345 -0.885232  0.514282 -0.901536 -0.850241   \n",
       "wv    -0.005701 -0.004689 -0.004195 -0.008718 -0.005020 -0.004018 -0.009600   \n",
       "maxWV -0.007760 -0.002871 -0.002224 -0.009091 -0.009921 -0.002213 -0.010316   \n",
       "wd    -0.063258  0.038732  0.043599  0.049877 -0.015912 -0.009583  0.018418   \n",
       "\n",
       "          VPdef        sh      H2OC       rho        wv     maxWV        wd  \n",
       "p     -0.003401 -0.069762 -0.069804  0.307640 -0.005701 -0.007760 -0.063258  \n",
       "T      0.761744  0.866755  0.867177 -0.963410 -0.004689 -0.002871  0.038732  \n",
       "Tpot   0.756962  0.866533  0.866955 -0.981345 -0.004195 -0.002224  0.043599  \n",
       "Tdew   0.435752  0.967599  0.968044 -0.885232 -0.008718 -0.009091  0.049877  \n",
       "rh    -0.843835 -0.150841 -0.150969  0.514282 -0.005020 -0.009921 -0.015912  \n",
       "VPmax  0.875588  0.824460  0.824493 -0.901536 -0.004018 -0.002213 -0.009583  \n",
       "VPact  0.449154  0.999851  0.999856 -0.850241 -0.009600 -0.010316  0.018418  \n",
       "VPdef  1.000000  0.448641  0.448689 -0.698290  0.001852  0.005317 -0.030881  \n",
       "sh     0.448641  1.000000  0.999997 -0.853325 -0.009479 -0.010163  0.019376  \n",
       "H2OC   0.448689  0.999997  1.000000 -0.853769 -0.009477 -0.010158  0.019607  \n",
       "rho   -0.698290 -0.853325 -0.853769  1.000000  0.003240  0.001086 -0.058072  \n",
       "wv     0.001852 -0.009479 -0.009477  0.003240  1.000000  0.948477 -0.015322  \n",
       "maxWV  0.005317 -0.010163 -0.010158  0.001086  0.948477  1.000000 -0.014471  \n",
       "wd    -0.030881  0.019376  0.019607 -0.058072 -0.015322 -0.014471  1.000000  "
      ]
     },
     "execution_count": 4,
     "metadata": {},
     "output_type": "execute_result"
    }
   ],
   "source": [
    "D.corr(method ='pearson') "
   ]
  },
  {
   "cell_type": "code",
   "execution_count": 48,
   "metadata": {},
   "outputs": [
    {
     "data": {
      "text/plain": [
       "<matplotlib.axes._subplots.AxesSubplot at 0x1b6d9f18160>"
      ]
     },
     "execution_count": 48,
     "metadata": {},
     "output_type": "execute_result"
    },
    {
     "data": {
